keylength, sifted keylength, QBER, QBER std dev, saferate
alpha =  0.01000
    5  2.50900  0.25112  0.30142  0.86000
    6  3.00100  0.25033  0.28113  0.88400
    7  3.53900  0.24867  0.26134  0.88600
    8  3.92000  0.25951  0.24144  0.88900
    9  4.35700  0.24182  0.20999  0.90800
   10  5.02800  0.25460  0.20636  0.89200
   11  5.39000  0.25888  0.20180  0.87800
   12  6.03400  0.24292  0.18837  0.88700
   13  6.51500  0.24874  0.17152  0.89000
   14  7.01800  0.24305  0.17490  0.88400
   15  7.55500  0.24028  0.16511  0.86100
   16  8.01900  0.25128  0.15621  0.84100
   17  8.39300  0.25180  0.15484  0.82900
   18  8.97700  0.24627  0.14539  0.80300
   19  9.51000  0.24833  0.14029  0.80200
   20 10.00600  0.24938  0.13719  0.76600
   21 10.33200  0.24866  0.13669  0.75000
   22 11.00800  0.24921  0.13452  0.71100
   23 11.53900  0.24655  0.13079  0.68200
   24 12.00300  0.24333  0.12166  0.67800
   25 12.48700  0.25211  0.12490  0.62100
   26 13.04500  0.25160  0.12367  0.63100
   27 13.50900  0.24519  0.12334  0.64200
   28 13.97500  0.25508  0.11613  0.58000
   29 14.48900  0.24468  0.11874  0.60000
   30 15.12100  0.25565  0.11489  0.53700
   31 15.43000  0.24793  0.11339  0.56400
   32 15.82600  0.24784  0.11054  0.54800
   33 16.74000  0.24772  0.10986  0.53900
   34 17.15900  0.25173  0.10729  0.50000
   35 17.40800  0.25158  0.10432  0.49400
   36 18.00100  0.24548  0.10197  0.49300
   37 18.67200  0.25083  0.10234  0.46600
   38 19.04100  0.25167  0.10146  0.45100
   39 19.48900  0.25233  0.09934  0.41800
   40 20.05800  0.24714  0.09914  0.42400
   41 20.37600  0.25203  0.09620  0.39700
   42 21.14100  0.24701  0.09391  0.39600
   43 21.53000  0.24599  0.09448  0.37200
   44 21.96300  0.24895  0.09301  0.34500
   45 22.64500  0.25190  0.09096  0.31500
   46 23.10000  0.24847  0.08995  0.28100
   47 23.51500  0.24697  0.08807  0.29600
   48 23.81600  0.25121  0.09000  0.25800
   49 24.53800  0.25123  0.08664  0.25200
   50 24.88000  0.25341  0.08882  0.23000
   51 25.38000  0.25129  0.08639  0.21300
   52 25.77300  0.25416  0.08258  0.17300
   53 26.50600  0.25058  0.08489  0.19300
   54 27.05000  0.25010  0.08400  0.17400
   55 27.59300  0.24875  0.08377  0.17000
   56 27.84400  0.25311  0.08337  0.14000
   57 28.64000  0.25394  0.08240  0.13600
   58 28.98900  0.25175  0.08050  0.13500
   59 29.37600  0.25243  0.08308  0.13000
   60 29.96700  0.25159  0.07817  0.10800
   61 30.57300  0.24877  0.08110  0.10500
   62 30.77700  0.24987  0.08112  0.10600
   63 31.57800  0.25093  0.07914  0.08600
   64 32.02800  0.24986  0.07752  0.08800
   65 32.49800  0.25256  0.07502  0.06800
   66 33.07000  0.24729  0.07284  0.07800
   67 33.29200  0.25041  0.07644  0.07900
   68 33.97800  0.25046  0.07248  0.04900
   69 34.46900  0.25048  0.07453  0.05100
   70 35.10300  0.25128  0.07426  0.05500
   71 35.57600  0.25097  0.07206  0.05000
   72 36.11200  0.24950  0.07153  0.04600
   73 36.61600  0.25180  0.07240  0.04000
   74 37.06000  0.25208  0.07238  0.02800
   75 37.52600  0.25456  0.07158  0.03200
   76 37.91800  0.24908  0.07153  0.03700
   77 38.43900  0.24982  0.07158  0.03300
   78 38.81000  0.24996  0.06652  0.02100
   79 39.51600  0.25297  0.06750  0.02400
   80 39.94000  0.25280  0.06846  0.01800
   81 40.28300  0.25378  0.07146  0.02400
   82 40.75500  0.25029  0.06947  0.01700
   83 41.42600  0.25025  0.07082  0.02600
   84 41.96500  0.24969  0.06760  0.01700
   85 42.52500  0.25201  0.06803  0.01500
   86 43.03100  0.24724  0.06286  0.00800
   87 43.41100  0.25202  0.06928  0.01800
   88 43.95500  0.24832  0.06500  0.01000
   89 44.52900  0.24728  0.06690  0.01500
   90 44.95500  0.25325  0.06462  0.00600
   91 45.27600  0.25021  0.06310  0.00800
   92 45.93200  0.24874  0.06576  0.00800
   93 46.46100  0.24934  0.06367  0.00800
   94 46.98100  0.24991  0.06255  0.00800
   95 47.53900  0.24951  0.06414  0.00900
   96 48.03700  0.24455  0.06294  0.00400
   97 48.39200  0.24760  0.06455  0.00400
   98 49.08800  0.25060  0.06371  0.00400
   99 49.24800  0.25035  0.06322  0.00100
  100 49.86200  0.24724  0.06114  0.00400
  101 50.67700  0.24894  0.06249  0.00700
  102 50.96800  0.24632  0.05956  0.00300
  103 51.34900  0.25039  0.06045  0.00200
  104 51.88700  0.24979  0.06021  0.00400
  105 52.45200  0.24946  0.06237  0.00400
  106 53.33300  0.25351  0.06038  0.00300
  107 53.67700  0.24896  0.05989  0.00100
  108 53.94300  0.24929  0.05917  0.00000
  109 54.53400  0.25066  0.05964  0.00100
  110 54.85800  0.25050  0.05994  0.00100
  111 55.64400  0.24582  0.05751  0.00000
  112 56.08500  0.24808  0.06029  0.00100
  113 56.43100  0.24811  0.06012  0.00100
  114 57.01400  0.25094  0.05756  0.00000
  115 57.58000  0.25059  0.05475  0.00100
  116 57.81600  0.25024  0.05967  0.00000
  117 58.24700  0.25072  0.05839  0.00000
  118 59.13600  0.24989  0.05526  0.00100
  119 59.51400  0.25204  0.05673  0.00100
  120 59.98800  0.24683  0.05500  0.00100
  121 60.68700  0.25169  0.05404  0.00000
  122 60.78700  0.25234  0.05587  0.00000
  123 61.44700  0.24844  0.05654  0.00000
  124 61.90400  0.24959  0.05276  0.00000
  125 62.60600  0.25178  0.05714  0.00100
  126 63.17600  0.25022  0.05553  0.00000
  127 63.48600  0.24941  0.05457  0.00000
  128 64.09800  0.25001  0.05555  0.00000
  129 64.14400  0.25324  0.05078  0.00000
  130 65.16000  0.24841  0.05291  0.00000
  131 65.52800  0.24750  0.05481  0.00100
  132 65.66400  0.24994  0.05386  0.00000
  133 66.37000  0.24890  0.05329  0.00000
  134 66.99500  0.24886  0.05457  0.00000
  135 66.97600  0.25060  0.05237  0.00000
  136 67.85400  0.25122  0.05392  0.00000
  137 68.65000  0.24763  0.05371  0.00000
  138 69.24900  0.25028  0.05230  0.00000
  139 69.78800  0.24925  0.04971  0.00000
  140 70.73200  0.25134  0.05255  0.00000
  141 70.20900  0.25156  0.05235  0.00000
  142 70.87500  0.24770  0.05201  0.00000
  143 71.54600  0.25055  0.05057  0.00000
  144 71.95200  0.25076  0.05108  0.00000
  145 72.67300  0.24957  0.05257  0.00000
  146 73.09200  0.24965  0.05119  0.00000
  147 73.37400  0.24754  0.04895  0.00000
  148 73.77200  0.24912  0.04903  0.00000
  149 74.32500  0.24824  0.05208  0.00000
  150 75.23300  0.25159  0.04987  0.00000
  151 75.75700  0.25253  0.04925  0.00000
  152 75.94300  0.25164  0.05097  0.00000
  153 76.78600  0.24859  0.05165  0.00000
  154 76.86600  0.25014  0.05008  0.00000
  155 77.39100  0.24743  0.04765  0.00000
  156 78.32100  0.25119  0.04836  0.00000
  157 78.27900  0.24915  0.04688  0.00000
  158 79.06000  0.24814  0.04761  0.00000
  159 79.07000  0.24942  0.04761  0.00000
  160 80.25600  0.24975  0.04874  0.00000
  161 80.40000  0.25084  0.04759  0.00000
  162 80.97700  0.25116  0.04884  0.00000
  163 81.21200  0.25326  0.04728  0.00000
  164 82.10700  0.25055  0.04835  0.00100
  165 82.38500  0.25080  0.04810  0.00000
  166 83.15000  0.24989  0.04744  0.00000
  167 83.69600  0.24762  0.04649  0.00000
  168 83.91500  0.24776  0.04601  0.00000
  169 84.68300  0.24873  0.04754  0.00000
  170 85.47000  0.24825  0.04802  0.00000
  171 85.35400  0.25171  0.04851  0.00000
  172 85.69400  0.25095  0.04460  0.00000
  173 86.36100  0.25133  0.04765  0.00100
  174 87.12300  0.25223  0.04673  0.00000
  175 87.53800  0.25040  0.04732  0.00000
  176 87.83300  0.25050  0.04694  0.00000
  177 88.63300  0.24855  0.04728  0.00000
  178 88.94300  0.25166  0.04544  0.00000
  179 89.55600  0.24849  0.04700  0.00000
  180 89.93400  0.24777  0.04625  0.00000
  181 90.29900  0.24861  0.04539  0.00000
  182 90.86900  0.24961  0.04568  0.00000
  183 91.49600  0.24895  0.04379  0.00000
  184 92.14900  0.24799  0.04622  0.00000
  185 92.32000  0.25056  0.04422  0.00000
  186 92.76600  0.24951  0.04500  0.00000
  187 93.26500  0.24894  0.04484  0.00000
  188 94.15800  0.25045  0.04568  0.00000
  189 94.27000  0.25331  0.04391  0.00000
  190 95.01300  0.24852  0.04394  0.00000
  191 95.57800  0.25043  0.04403  0.00000
  192 96.08600  0.24996  0.04378  0.00000
  193 96.74300  0.24993  0.04379  0.00000
  194 97.47300  0.25217  0.04318  0.00000
  195 97.72600  0.25157  0.04290  0.00000
  196 98.42300  0.24976  0.04491  0.00000
  197 98.49600  0.25159  0.04454  0.00000
  198 99.38400  0.24852  0.04143  0.00000
  199 99.42100  0.24932  0.04528  0.00000
  200 100.27700  0.25006  0.04346  0.00000
  201 100.12200  0.25010  0.04364  0.00000
  202 101.19200  0.25134  0.04322  0.00000
  203 101.25300  0.24952  0.04141  0.00000
  204 102.00400  0.24894  0.04391  0.00000
  205 102.84700  0.24670  0.04307  0.00000
  206 103.29500  0.25120  0.04251  0.00000
  207 103.39400  0.25131  0.04288  0.00000
  208 104.42200  0.25055  0.04411  0.00000
  209 104.52700  0.24970  0.04287  0.00000
  210 105.03500  0.25062  0.04187  0.00000
  211 105.28800  0.24869  0.04352  0.00000
  212 105.91500  0.25006  0.03979  0.00000
  213 106.64400  0.25066  0.04252  0.00000
  214 107.28100  0.25011  0.04252  0.00000
  215 107.24200  0.24870  0.04539  0.00000
  216 107.84300  0.24757  0.04261  0.00000
  217 108.57800  0.25048  0.04083  0.00000
  218 109.29400  0.24979  0.04239  0.00000
  219 109.58800  0.24972  0.04250  0.00000
  220 110.14400  0.25116  0.04052  0.00000
  221 110.90800  0.25019  0.04140  0.00000
  222 110.91900  0.25073  0.04247  0.00000
  223 111.83100  0.24950  0.04160  0.00000
  224 112.15300  0.25059  0.04146  0.00000
  225 112.63700  0.24927  0.04013  0.00000
  226 113.08300  0.25032  0.04006  0.00000
  227 113.14500  0.24893  0.04112  0.00000
  228 114.19500  0.25160  0.04090  0.00000
  229 114.22200  0.24967  0.04005  0.00000
  230 115.11900  0.25077  0.03952  0.00000
  231 115.29000  0.25147  0.04104  0.00000
  232 115.97800  0.25055  0.04042  0.00000
  233 116.53700  0.25220  0.03878  0.00000
  234 117.45700  0.25089  0.04046  0.00000
  235 117.42900  0.24860  0.04071  0.00000
  236 117.84400  0.24954  0.04023  0.00000
  237 118.39400  0.25133  0.03998  0.00000
  238 118.70300  0.24984  0.03886  0.00000
  239 119.65000  0.25063  0.04040  0.00000
  240 119.70200  0.25187  0.04018  0.00000
  241 120.78600  0.24944  0.04150  0.00000
  242 120.78300  0.24971  0.04044  0.00000
  243 121.72400  0.24952  0.03858  0.00000
  244 122.17300  0.25128  0.03987  0.00000
  245 122.26300  0.25040  0.04046  0.00000
  246 123.06500  0.25017  0.03700  0.00000
  247 123.52800  0.25061  0.03888  0.00000
  248 123.97100  0.25355  0.03795  0.00000
  249 124.21900  0.24961  0.03974  0.00000
  250 124.84000  0.25127  0.03857  0.00000
  251 125.57200  0.25011  0.03966  0.00000
  252 126.01100  0.25009  0.03843  0.00000
  253 126.17300  0.24879  0.03870  0.00000
  254 126.92800  0.24826  0.04049  0.00000
alpha =  0.05000
    5  2.49500  0.24253  0.30284  0.83200
    6  3.06100  0.23610  0.26822  0.83300
    7  3.56500  0.23258  0.25048  0.77700
    8  3.99000  0.25097  0.22638  0.72500
    9  4.53900  0.24975  0.22451  0.69100
   10  5.06500  0.24785  0.20239  0.66200
   11  5.45200  0.25295  0.19181  0.61900
   12  6.02400  0.25624  0.18804  0.58700
   13  6.47200  0.25252  0.18260  0.60200
   14  7.02300  0.25621  0.17634  0.56700
   15  7.45900  0.25150  0.16605  0.58000
   16  7.98200  0.24650  0.15781  0.57600
   17  8.50300  0.25059  0.14728  0.55400
   18  9.08200  0.25709  0.14697  0.51200
   19  9.51000  0.24574  0.14507  0.52700
   20 10.09800  0.24826  0.13898  0.47900
   21 10.39200  0.24842  0.13910  0.48000
   22 11.01200  0.24736  0.13206  0.46100
   23 11.58900  0.25031  0.13409  0.41500
   24 11.97000  0.25309  0.12912  0.39100
   25 12.58300  0.23985  0.12484  0.40400
   26 12.97200  0.25560  0.12592  0.33100
   27 13.50800  0.25404  0.11948  0.31000
   28 13.96200  0.25073  0.11460  0.30200
   29 14.51000  0.24696  0.11538  0.28100
   30 14.92900  0.24939  0.11521  0.27300
   31 15.53900  0.24952  0.10686  0.23200
   32 16.07800  0.24698  0.10822  0.22300
   33 16.68200  0.25329  0.10545  0.17700
   34 16.98800  0.24816  0.10490  0.18600
   35 17.67400  0.24563  0.10581  0.17500
   36 18.00100  0.24824  0.10445  0.16600
   37 18.51200  0.25027  0.10069  0.14000
   38 18.99400  0.25158  0.10132  0.12100
   39 19.40500  0.24718  0.09915  0.13700
   40 20.11700  0.24279  0.09217  0.11300
   41 20.49700  0.24890  0.09783  0.10400
   42 21.05500  0.24673  0.09379  0.08900
   43 21.61300  0.24495  0.09597  0.08400
   44 21.98100  0.25366  0.09543  0.08100
   45 22.51800  0.24785  0.09133  0.07100
   46 22.86200  0.24651  0.09332  0.06900
   47 23.56700  0.24669  0.08744  0.05200
   48 23.99400  0.25066  0.08710  0.05300
   49 24.58900  0.24964  0.08608  0.04600
   50 25.09100  0.24991  0.08905  0.04500
   51 25.38300  0.25367  0.08711  0.03600
   52 25.98900  0.25059  0.08244  0.02900
   53 26.61900  0.25094  0.08511  0.03400
   54 27.11600  0.25148  0.08445  0.02300
   55 27.32500  0.24665  0.08361  0.03200
   56 28.05600  0.24658  0.08055  0.02900
   57 28.71500  0.24986  0.08052  0.01400
   58 29.04300  0.25504  0.07887  0.01600
   59 29.42400  0.24807  0.08443  0.01800
   60 30.01600  0.25124  0.08365  0.02400
   61 30.27300  0.24832  0.07905  0.01900
   62 31.01900  0.24628  0.07890  0.01400
   63 31.34100  0.24866  0.07777  0.00700
   64 32.06500  0.24549  0.07787  0.00800
   65 32.50100  0.24637  0.07675  0.00700
   66 33.02000  0.24784  0.07383  0.01000
   67 33.39500  0.25260  0.07800  0.00700
   68 34.05500  0.24894  0.07589  0.00500
   69 34.45600  0.24865  0.07633  0.01300
   70 35.19900  0.25307  0.07524  0.00700
   71 35.66400  0.25032  0.07443  0.00600
   72 35.85100  0.25273  0.07224  0.00200
   73 36.44600  0.24762  0.07333  0.00300
   74 36.77900  0.25081  0.06831  0.00300
   75 37.39600  0.24752  0.06988  0.00400
   76 38.10700  0.25048  0.06690  0.00100
   77 38.59900  0.25079  0.07141  0.00400
   78 39.19100  0.25081  0.07106  0.00100
   79 39.61800  0.24880  0.07031  0.00100
   80 40.16900  0.25501  0.06863  0.00100
   81 40.55400  0.24618  0.07157  0.00100
   82 41.14200  0.25202  0.06810  0.00100
   83 41.35900  0.24728  0.06540  0.00300
   84 41.82800  0.24638  0.06543  0.00400
   85 42.44400  0.24647  0.06628  0.00200
   86 43.06800  0.24637  0.06845  0.00000
   87 43.61900  0.25009  0.06709  0.00100
   88 44.19500  0.24964  0.06589  0.00000
   89 44.63200  0.24869  0.06620  0.00300
   90 45.16500  0.25137  0.06448  0.00100
   91 45.40500  0.25223  0.06342  0.00000
   92 46.09900  0.25091  0.06434  0.00100
   93 46.54600  0.25018  0.06516  0.00100
   94 47.07500  0.25029  0.06224  0.00000
   95 47.44900  0.24860  0.06472  0.00000
   96 47.87900  0.24829  0.06268  0.00000
   97 48.54500  0.24861  0.06501  0.00000
   98 48.94500  0.24774  0.06192  0.00100
   99 49.67100  0.25091  0.06063  0.00000
  100 50.14000  0.25046  0.06283  0.00000
  101 50.53200  0.24958  0.06053  0.00000
  102 50.79400  0.24780  0.06076  0.00000
  103 51.21900  0.24822  0.05716  0.00000
  104 51.78600  0.25121  0.06141  0.00000
  105 52.44800  0.24718  0.06251  0.00000
  106 52.97300  0.25258  0.06116  0.00000
  107 53.77200  0.24937  0.05722  0.00000
  108 53.95400  0.24995  0.05855  0.00000
  109 54.26900  0.24979  0.05602  0.00000
  110 55.33200  0.24842  0.05923  0.00000
  111 55.57800  0.24922  0.05794  0.00000
  112 56.04200  0.24821  0.05827  0.00000
  113 56.50300  0.24979  0.05676  0.00000
  114 56.81500  0.24763  0.05740  0.00100
  115 57.34900  0.25337  0.05823  0.00000
  116 58.15400  0.25109  0.05759  0.00000
  117 58.53600  0.25132  0.05699  0.00000
  118 59.03000  0.25145  0.05748  0.00000
  119 59.23400  0.25236  0.05782  0.00000
  120 59.99000  0.25065  0.05509  0.00000
  121 60.62600  0.25297  0.05676  0.00000
  122 60.98700  0.25096  0.05773  0.00000
  123 61.60600  0.24804  0.05675  0.00000
  124 61.99300  0.25103  0.05559  0.00000
  125 62.42900  0.24896  0.05583  0.00000
  126 62.92600  0.24998  0.05355  0.00000
  127 63.60700  0.24948  0.05531  0.00000
  128 63.71400  0.25047  0.05451  0.00000
  129 64.52200  0.24737  0.05450  0.00000
  130 65.33400  0.25034  0.05399  0.00000
  131 65.57200  0.24722  0.05254  0.00000
  132 65.93700  0.25168  0.05500  0.00000
  133 66.66400  0.24859  0.05412  0.00000
  134 67.21800  0.25035  0.05216  0.00000
  135 67.71000  0.24899  0.05201  0.00000
  136 68.07200  0.24933  0.05161  0.00000
  137 68.36600  0.24831  0.04997  0.00000
  138 68.94900  0.24849  0.05417  0.00000
  139 69.66700  0.25221  0.05111  0.00000
  140 69.67100  0.24821  0.05074  0.00000
  141 70.66200  0.25007  0.05101  0.00000
  142 71.01800  0.24993  0.05160  0.00000
  143 71.56100  0.25018  0.05056  0.00000
  144 72.09300  0.25014  0.05219  0.00000
  145 72.46500  0.25001  0.05137  0.00000
  146 72.92100  0.25035  0.04962  0.00000
  147 73.57800  0.24755  0.04922  0.00000
  148 74.12500  0.24927  0.04922  0.00000
  149 74.62400  0.25131  0.05081  0.00000
  150 74.62000  0.25049  0.05144  0.00000
  151 75.29500  0.24926  0.05049  0.00000
  152 75.91400  0.24812  0.04840  0.00000
  153 76.55400  0.24827  0.05005  0.00000
  154 77.06300  0.24823  0.05041  0.00000
  155 77.75900  0.25172  0.04893  0.00000
  156 78.26400  0.25125  0.04777  0.00000
  157 78.68000  0.25084  0.04877  0.00000
  158 79.19900  0.24873  0.04845  0.00000
  159 79.34700  0.25073  0.04957  0.00000
  160 79.88700  0.25219  0.04711  0.00000
  161 80.46900  0.24904  0.04941  0.00000
  162 80.68800  0.24979  0.04855  0.00000
  163 81.80900  0.25092  0.04861  0.00000
  164 82.26700  0.25096  0.04745  0.00000
  165 82.65400  0.25020  0.04961  0.00000
  166 83.26600  0.25049  0.04628  0.00000
  167 83.40900  0.24963  0.04669  0.00000
  168 83.97700  0.24976  0.04671  0.00000
  169 84.49800  0.25109  0.04717  0.00000
  170 84.85200  0.24928  0.04669  0.00000
  171 85.51400  0.25014  0.04813  0.00000
  172 86.15900  0.24812  0.04551  0.00000
  173 86.21300  0.24952  0.04757  0.00000
  174 87.38900  0.24991  0.04490  0.00000
  175 87.54200  0.24913  0.04570  0.00000
  176 87.90000  0.25139  0.04607  0.00000
  177 88.52900  0.25074  0.04658  0.00000
  178 89.05300  0.24850  0.04468  0.00000
  179 89.95100  0.25076  0.04553  0.00000
  180 89.91900  0.25106  0.04446  0.00000
  181 90.45500  0.24946  0.04539  0.00000
  182 90.82900  0.25085  0.04610  0.00000
  183 91.71200  0.25174  0.04542  0.00000
  184 92.17200  0.25121  0.04661  0.00000
  185 92.58800  0.25106  0.04506  0.00000
  186 93.12200  0.24902  0.04548  0.00000
  187 93.60700  0.24856  0.04495  0.00000
  188 93.67600  0.25224  0.04514  0.00000
  189 94.48600  0.24652  0.04504  0.00000
  190 94.70900  0.25083  0.04530  0.00000
  191 95.71200  0.25123  0.04477  0.00000
  192 95.95100  0.25040  0.04322  0.00000
  193 96.77000  0.25120  0.04347  0.00000
  194 96.66600  0.24748  0.04341  0.00000
  195 97.58600  0.24985  0.04340  0.00000
  196 97.91500  0.24946  0.04490  0.00000
  197 98.42100  0.24908  0.04361  0.00000
  198 98.88600  0.25029  0.04334  0.00000
  199 99.42000  0.25100  0.04401  0.00000
  200 99.96600  0.24901  0.04302  0.00000
  201 100.61700  0.25059  0.04407  0.00000
  202 101.07600  0.25087  0.04393  0.00000
  203 101.64400  0.24893  0.04418  0.00000
  204 102.08100  0.25142  0.04500  0.00000
  205 102.56400  0.25133  0.04606  0.00000
  206 102.88400  0.25088  0.04259  0.00000
  207 103.64200  0.24942  0.04419  0.00000
  208 104.26500  0.25021  0.04249  0.00000
  209 104.59800  0.24938  0.04126  0.00000
  210 104.88000  0.24961  0.04300  0.00000
  211 105.26500  0.24954  0.04149  0.00000
  212 106.22500  0.25233  0.04354  0.00000
  213 106.47100  0.24863  0.04115  0.00000
  214 107.18100  0.24816  0.04063  0.00000
  215 107.70100  0.25012  0.04245  0.00000
  216 107.92600  0.25224  0.04200  0.00000
  217 108.44300  0.24860  0.04139  0.00000
  218 109.00100  0.24909  0.04157  0.00000
  219 109.56700  0.25274  0.04264  0.00000
  220 110.46800  0.24926  0.03958  0.00000
  221 110.51200  0.25082  0.04050  0.00000
  222 110.73300  0.24966  0.04154  0.00000
  223 111.62900  0.25057  0.04113  0.00000
  224 112.04500  0.25079  0.03926  0.00000
  225 113.07400  0.25053  0.04091  0.00000
  226 112.96300  0.24755  0.04150  0.00000
  227 113.41700  0.25126  0.04137  0.00000
  228 114.59100  0.25062  0.03964  0.00000
  229 114.54800  0.25085  0.03937  0.00000
  230 115.23800  0.25174  0.03804  0.00000
  231 115.49500  0.24897  0.04093  0.00000
  232 116.10500  0.24829  0.04008  0.00000
  233 116.72500  0.25091  0.03932  0.00000
  234 117.18400  0.24957  0.04016  0.00000
  235 117.72100  0.25016  0.03887  0.00000
  236 118.07800  0.24957  0.04082  0.00000
  237 118.65700  0.24981  0.03854  0.00000
  238 118.76500  0.24824  0.04001  0.00000
  239 119.76600  0.24838  0.03877  0.00000
  240 119.94700  0.24878  0.04072  0.00000
  241 120.22200  0.25188  0.03973  0.00000
  242 121.35900  0.24992  0.03852  0.00000
  243 122.01000  0.24905  0.03924  0.00000
  244 122.29000  0.25016  0.04073  0.00000
  245 122.28300  0.24975  0.03882  0.00000
  246 122.85700  0.24860  0.03964  0.00000
  247 123.53500  0.24672  0.03841  0.00000
  248 123.95800  0.24995  0.03970  0.00000
  249 124.74100  0.24973  0.03821  0.00000
  250 124.96600  0.25010  0.04050  0.00000
  251 125.63900  0.24981  0.03877  0.00000
  252 126.06300  0.24987  0.03804  0.00000
  253 126.46800  0.24996  0.03869  0.00000
  254 127.08200  0.25054  0.03870  0.00000
alpha =  0.10000
    5  2.47700  0.23927  0.30285  0.72400
    6  3.00700  0.25040  0.27777  0.70600
    7  3.46400  0.24055  0.26228  0.72500
    8  3.90700  0.24197  0.22741  0.71200
    9  4.48000  0.24652  0.22287  0.66800
   10  4.97100  0.25509  0.20773  0.63500
   11  5.51700  0.25926  0.20289  0.55600
   12  5.91500  0.25563  0.18387  0.52400
   13  6.45300  0.24565  0.18183  0.51300
   14  6.96900  0.25261  0.17542  0.45000
   15  7.38500  0.25393  0.16213  0.41800
   16  7.98700  0.24105  0.15980  0.41700
   17  8.51700  0.25221  0.15291  0.34100
   18  8.89000  0.25479  0.14756  0.32000
   19  9.47000  0.25306  0.14185  0.28800
   20 10.04400  0.24737  0.14163  0.27800
   21 10.51900  0.25901  0.13539  0.21100
   22 10.93400  0.23975  0.13068  0.24100
   23 11.50200  0.24914  0.13459  0.21200
   24 12.05600  0.24747  0.12251  0.15900
   25 12.49000  0.25136  0.11896  0.14100
   26 13.06700  0.24897  0.12430  0.15500
   27 13.51600  0.25612  0.12006  0.11900
   28 13.85500  0.25192  0.11570  0.09700
   29 14.49400  0.25024  0.11917  0.11200
   30 14.87000  0.25275  0.11520  0.09600
   31 15.45500  0.25540  0.11057  0.08100
   32 15.86700  0.25028  0.11064  0.07500
   33 16.54400  0.24807  0.10760  0.06600
   34 16.95900  0.25011  0.10899  0.06900
   35 17.54600  0.25076  0.10378  0.05700
   36 17.92000  0.25085  0.10401  0.03900
   37 18.45200  0.25343  0.10429  0.03700
   38 18.97500  0.24962  0.10138  0.04200
   39 19.53200  0.24738  0.10101  0.04000
   40 20.03600  0.24614  0.09581  0.03200
   41 20.32300  0.24453  0.09769  0.03600
   42 20.99600  0.24970  0.09531  0.02900
   43 21.61800  0.25079  0.09348  0.01900
   44 21.99400  0.24730  0.08966  0.01600
   45 22.36600  0.25250  0.09350  0.01500
   46 22.98900  0.24989  0.08786  0.00800
   47 23.65700  0.24674  0.08779  0.01000
   48 23.99600  0.25191  0.08938  0.01000
   49 24.54500  0.24810  0.08871  0.01500
   50 25.08900  0.25713  0.08549  0.00600
   51 25.53200  0.24452  0.08562  0.01100
   52 25.92400  0.25096  0.08665  0.00800
   53 26.60000  0.24782  0.08357  0.00500
   54 26.99900  0.24901  0.08417  0.00900
   55 27.55900  0.24873  0.08254  0.00600
   56 27.90700  0.25088  0.08330  0.00600
   57 28.47300  0.24775  0.08069  0.00300
   58 28.88200  0.25155  0.07965  0.00500
   59 29.50700  0.24796  0.08085  0.00200
   60 30.02900  0.25351  0.07877  0.00200
   61 30.41500  0.24998  0.07809  0.00200
   62 30.90300  0.24691  0.07873  0.00300
   63 31.56500  0.24962  0.07573  0.00200
   64 31.91100  0.25161  0.07471  0.00000
   65 32.49200  0.25042  0.08096  0.00100
   66 32.89000  0.24988  0.07610  0.00000
   67 33.42200  0.24853  0.07648  0.00200
   68 34.20000  0.25161  0.07339  0.00100
   69 34.31000  0.25105  0.07427  0.00300
   70 35.00800  0.25036  0.07387  0.00000
   71 35.51600  0.24752  0.07158  0.00200
   72 35.94400  0.25083  0.07432  0.00200
   73 36.20800  0.25199  0.07490  0.00100
   74 36.94700  0.25044  0.07131  0.00100
   75 37.32300  0.25156  0.07147  0.00200
   76 37.91300  0.24808  0.06927  0.00000
   77 38.53700  0.24734  0.07070  0.00300
   78 39.20900  0.25147  0.07217  0.00100
   79 39.44100  0.24888  0.07005  0.00000
   80 40.03000  0.25369  0.06849  0.00000
   81 40.61900  0.24964  0.06965  0.00100
   82 41.09100  0.24848  0.06950  0.00100
   83 41.45600  0.25221  0.06690  0.00000
   84 42.29800  0.25287  0.06941  0.00000
   85 42.57200  0.25142  0.06764  0.00000
   86 42.94100  0.25041  0.06430  0.00000
   87 43.18400  0.24893  0.06576  0.00000
   88 44.19100  0.24789  0.06661  0.00000
   89 44.68300  0.25013  0.06545  0.00000
   90 45.06500  0.24926  0.06732  0.00000
   91 45.42300  0.25357  0.06378  0.00000
   92 46.24500  0.25263  0.06386  0.00000
   93 46.46600  0.25016  0.06579  0.00000
   94 47.06500  0.24851  0.06393  0.00000
   95 47.35700  0.25118  0.06288  0.00100
   96 48.23100  0.24816  0.05884  0.00000
   97 48.79200  0.25049  0.06329  0.00000
   98 48.78000  0.24845  0.06195  0.00000
   99 49.60000  0.24688  0.06280  0.00000
  100 50.19100  0.24892  0.06010  0.00000
  101 50.23200  0.25046  0.06179  0.00000
  102 50.85200  0.24904  0.06042  0.00000
  103 51.24900  0.24878  0.06142  0.00000
  104 52.00100  0.24865  0.05874  0.00000
  105 52.66800  0.25182  0.06290  0.00000
  106 52.95200  0.24967  0.05984  0.00000
  107 53.36400  0.24863  0.05986  0.00000
  108 54.22500  0.25365  0.05806  0.00000
  109 54.37600  0.25145  0.05769  0.00000
  110 54.98800  0.24946  0.06062  0.00100
  111 55.80500  0.24799  0.05711  0.00000
  112 56.00000  0.25016  0.05839  0.00000
  113 56.55700  0.24870  0.05769  0.00000
  114 56.88700  0.25219  0.05908  0.00000
  115 57.75000  0.25100  0.05848  0.00000
  116 58.09200  0.24668  0.05764  0.00000
  117 58.44000  0.25231  0.05558  0.00000
  118 59.03400  0.25433  0.05572  0.00000
  119 59.42800  0.25088  0.05531  0.00000
  120 59.92600  0.25189  0.05688  0.00000
  121 60.73800  0.24999  0.05589  0.00000
  122 61.09500  0.24741  0.05530  0.00000
  123 61.15900  0.25077  0.05629  0.00000
  124 61.85900  0.24670  0.05403  0.00000
  125 62.67200  0.24883  0.05365  0.00000
  126 62.66000  0.24637  0.05555  0.00000
  127 63.53200  0.25020  0.05708  0.00000
  128 64.00800  0.25424  0.05299  0.00000
  129 64.38800  0.25025  0.05393  0.00000
  130 64.81600  0.25148  0.05408  0.00000
  131 65.35800  0.25134  0.05458  0.00000
  132 66.23600  0.25034  0.05349  0.00000
  133 66.40700  0.25272  0.05346  0.00000
  134 66.93500  0.24926  0.05042  0.00000
  135 67.43700  0.25119  0.05400  0.00000
  136 67.94700  0.24715  0.05364  0.00000
  137 68.58300  0.24990  0.05184  0.00000
  138 68.89900  0.25127  0.05289  0.00000
  139 69.49000  0.24881  0.05117  0.00000
  140 69.77300  0.25036  0.05208  0.00000
  141 70.05500  0.24834  0.05056  0.00000
  142 70.98900  0.25017  0.05028  0.00000
  143 71.28700  0.24909  0.05207  0.00000
  144 72.11800  0.25136  0.05038  0.00000
  145 72.39600  0.24880  0.05056  0.00000
  146 72.70400  0.24631  0.05029  0.00000
  147 73.63800  0.24934  0.05290  0.00000
  148 73.94400  0.25015  0.05098  0.00000
  149 74.58900  0.24993  0.05123  0.00000
  150 75.50400  0.24839  0.04848  0.00000
  151 75.47900  0.25144  0.04924  0.00000
  152 75.76600  0.24989  0.04926  0.00000
  153 76.67500  0.24963  0.05065  0.00000
  154 76.86500  0.25231  0.05284  0.00000
  155 77.53900  0.24839  0.05072  0.00000
  156 77.89600  0.25038  0.04934  0.00000
  157 78.42700  0.25000  0.05144  0.00000
  158 79.17300  0.25125  0.04749  0.00000
  159 79.35200  0.25090  0.05099  0.00000
  160 80.05500  0.25170  0.04843  0.00000
  161 80.53300  0.24740  0.04874  0.00000
  162 80.73500  0.25040  0.04789  0.00000
  163 81.60000  0.24829  0.04799  0.00000
  164 82.05800  0.24752  0.04766  0.00000
  165 82.32400  0.25014  0.04676  0.00000
  166 82.78300  0.24906  0.04908  0.00000
  167 83.30800  0.25167  0.04907  0.00000
  168 83.85400  0.25126  0.04795  0.00000
  169 84.63400  0.25106  0.04666  0.00000
  170 85.36200  0.24941  0.04652  0.00000
  171 85.55700  0.24940  0.04783  0.00000
  172 85.97600  0.25226  0.04622  0.00000
  173 86.45300  0.25336  0.04666  0.00000
  174 87.12400  0.25051  0.04646  0.00000
  175 87.31700  0.24839  0.04780  0.00000
  176 88.31200  0.24848  0.04540  0.00000
  177 88.67300  0.24954  0.04448  0.00000
  178 88.47200  0.24849  0.04701  0.00000
  179 89.20700  0.24842  0.04512  0.00000
  180 89.56200  0.25087  0.04576  0.00000
  181 90.62400  0.24840  0.04628  0.00000
  182 90.70200  0.25088  0.04527  0.00000
  183 91.46200  0.25007  0.04625  0.00000
  184 92.25100  0.25151  0.04538  0.00000
  185 92.78800  0.25105  0.04506  0.00000
  186 93.06300  0.25043  0.04566  0.00000
  187 93.97200  0.24955  0.04483  0.00000
  188 93.89700  0.24715  0.04481  0.00000
  189 94.80100  0.24993  0.04417  0.00000
  190 95.02500  0.24877  0.04612  0.00000
  191 95.57600  0.24857  0.04566  0.00000
  192 95.91400  0.25062  0.04399  0.00000
  193 96.08100  0.25161  0.04469  0.00000
  194 96.62200  0.24888  0.04325  0.00000
  195 97.31600  0.25041  0.04586  0.00000
  196 98.38700  0.25052  0.04279  0.00000
  197 98.45600  0.25196  0.04413  0.00000
  198 98.89000  0.25291  0.04336  0.00000
  199 99.79200  0.24939  0.04424  0.00000
  200 100.12400  0.24962  0.04306  0.00000
  201 100.72900  0.25080  0.04470  0.00000
  202 100.73300  0.25149  0.04319  0.00000
  203 101.38500  0.24906  0.04215  0.00000
  204 101.91600  0.24987  0.04180  0.00000
  205 102.43000  0.24765  0.04287  0.00000
  206 103.41600  0.24982  0.04249  0.00000
  207 103.69400  0.24723  0.04181  0.00000
  208 104.10400  0.25098  0.04240  0.00000
  209 104.56400  0.25079  0.04356  0.00000
  210 104.76500  0.25024  0.04129  0.00000
  211 105.74800  0.25106  0.04274  0.00000
  212 105.59400  0.24916  0.04334  0.00000
  213 106.37900  0.25106  0.04262  0.00000
  214 106.77900  0.24929  0.04111  0.00000
  215 107.66100  0.24915  0.04179  0.00000
  216 107.75500  0.24981  0.04150  0.00000
  217 108.58900  0.24813  0.04114  0.00000
  218 109.03800  0.25203  0.04329  0.00000
  219 109.35900  0.24674  0.04050  0.00000
  220 109.63000  0.24698  0.03961  0.00000
  221 110.56800  0.25157  0.04000  0.00000
  222 111.11800  0.25079  0.04396  0.00000
  223 111.52300  0.24982  0.04010  0.00000
  224 112.17400  0.25043  0.04073  0.00000
  225 112.51900  0.25067  0.04100  0.00000
  226 113.35200  0.25126  0.04188  0.00000
  227 113.14100  0.24921  0.04009  0.00000
  228 114.20900  0.25176  0.04102  0.00000
  229 114.19900  0.24829  0.03987  0.00000
  230 115.19200  0.25276  0.03955  0.00000
  231 115.36600  0.25268  0.03989  0.00000
  232 115.97700  0.25080  0.04014  0.00000
  233 116.31500  0.24930  0.04020  0.00000
  234 117.57200  0.25158  0.04032  0.00000
  235 117.36900  0.24805  0.03937  0.00000
  236 118.00100  0.25149  0.03944  0.00000
  237 118.47200  0.24987  0.04056  0.00000
  238 118.90100  0.25226  0.03939  0.00000
  239 119.81800  0.25199  0.03856  0.00000
  240 119.94500  0.25168  0.03934  0.00000
  241 120.26200  0.24935  0.03865  0.00000
  242 120.69900  0.25000  0.03940  0.00000
  243 121.46600  0.24904  0.03872  0.00000
  244 121.48500  0.25127  0.04140  0.00000
  245 122.31200  0.25159  0.04075  0.00000
  246 123.09700  0.25004  0.03842  0.00000
  247 123.61400  0.25175  0.03949  0.00000
  248 123.68300  0.25329  0.03988  0.00000
  249 124.15400  0.25069  0.03926  0.00000
  250 124.98700  0.24960  0.04008  0.00000
  251 125.22400  0.25072  0.03808  0.00000
  252 125.74100  0.24872  0.03914  0.00000
  253 126.49300  0.24983  0.03932  0.00000
  254 127.04900  0.24972  0.03808  0.00000
