#p-value for 2-tailed test
0.753
1.000
0.529
0.348
0.348
0.529
0.199
0.199
0.348
0.199
0.348
1.000
0.199
0.529
0.529
0.199
0.753
0.753
0.529
1.000
1.000
0.348
0.119
0.199
0.753
0.348
0.348
0.529
1.000
1.000
1.000
1.000
0.348
0.529
0.348
0.348
0.529
0.348
0.006
1.000
1.000
0.529
0.529
1.000
0.199
1.000
0.753
1.000
0.753
1.000
1.000
0.119
0.348
0.529
0.348
1.000
0.119
0.529
0.529
1.000
0.529
0.054
1.000
0.348
1.000
0.753
0.199
0.119
0.753
0.054
0.753
0.199
1.000
1.000
0.753
1.000
0.019
0.054
0.753
0.199
0.753
0.019
0.753
0.119
0.529
0.753
0.753
1.000
0.054
0.753
0.529
0.054
0.753
1.000
0.348
0.054
0.529
1.000
0.753
0.753
1.000
0.348
1.000
0.348
0.119
0.348
0.753
0.348
0.119
0.753
0.753
1.000
1.000
1.000
0.753
0.529
0.348
1.000
0.348
0.529
0.753
0.348
1.000
0.753
1.000
0.054
0.529
0.529
0.529
1.000
0.529
0.054
0.348
1.000
0.348
0.529
0.529
0.199
0.529
0.753
0.753
1.000
0.753
0.199
0.348
1.000
0.119
1.000
1.000
0.529
1.000
1.000
0.753
1.000
0.529
0.119
0.199
0.199
0.054
0.529
1.000
0.753
1.000
1.000
0.119
1.000
1.000
0.753
0.348
0.348
0.348
0.348
0.529
0.753
1.000
0.529
0.348
0.348
0.199
0.529
0.199
0.529
0.199
1.000
0.199
1.000
1.000
0.753
1.000
0.119
1.000
0.006
0.348
0.348
1.000
1.000
0.529
0.529
0.753
0.348
